30
4 1 5 7 4 1 5 7 4 1 4 1 5 7 4 1 5 7 4 1 4 1 5 7 4 1 5 7 4 1
1 2 3 4 1 2 3 4 1 2 1 2 3 4 1 2 3 4 1 2 1 2 3 4 1 2 3 4 1 2
8 5 4 3 8 5 4 3 8 5 8 5 4 3 8 5 4 3 8 5 8 5 4 3 8 5 4 3 8 5
5 6 3 9 5 6 3 9 5 6 5 6 3 9 5 6 3 9 5 6 5 6 3 9 5 6 3 9 5 6
4 1 5 7 4 1 5 7 4 1 4 1 5 7 4 1 5 7 4 1 4 1 5 7 4 1 5 7 4 1
1 2 3 4 1 2 3 4 1 2 1 2 3 4 1 2 3 4 1 2 1 2 3 4 1 2 3 4 1 2
8 5 4 3 8 5 4 3 8 5 8 5 4 3 8 5 4 3 8 5 8 5 4 3 8 5 4 3 8 5
5 6 3 9 5 6 3 9 5 6 5 6 3 9 5 6 3 9 5 6 5 6 3 9 5 6 3 9 5 6
4 1 5 7 4 1 5 7 4 1 4 1 5 7 4 1 5 7 4 1 4 1 5 7 4 1 5 7 4 1
1 2 3 4 1 2 3 4 1 2 1 2 3 4 1 2 3 4 1 2 1 2 3 4 1 2 3 4 1 2
4 1 5 7 4 1 5 7 4 1 4 1 5 7 4 1 5 7 4 1 4 1 5 7 4 1 5 7 4 1
1 2 3 4 1 2 3 4 1 2 1 2 3 4 1 2 3 4 1 2 1 2 3 4 1 2 3 4 1 2
8 5 4 3 8 5 4 3 8 5 8 5 4 3 8 5 4 3 8 5 8 5 4 3 8 5 4 3 8 5
5 6 3 9 5 6 3 9 5 6 5 6 3 9 5 6 3 9 5 6 5 6 3 9 5 6 3 9 5 6
4 1 5 7 4 1 5 7 4 1 4 1 5 7 4 1 5 7 4 1 4 1 5 7 4 1 5 7 4 1
1 2 3 4 1 2 3 4 1 2 1 2 3 4 1 2 3 4 1 2 1 2 3 4 1 2 3 4 1 2
8 5 4 3 8 5 4 3 8 5 8 5 4 3 8 5 4 3 8 5 8 5 4 3 8 5 4 3 8 5
5 6 3 9 5 6 3 9 5 6 5 6 3 9 5 6 3 9 5 6 5 6 3 9 5 6 3 9 5 6
4 1 5 7 4 1 5 7 4 1 4 1 5 7 4 1 5 7 4 1 4 1 5 7 4 1 5 7 4 1
1 2 3 4 1 2 3 4 1 2 1 2 3 4 1 2 3 4 1 2 1 2 3 4 1 2 3 4 1 2
4 1 5 7 4 1 5 7 4 1 4 1 5 7 4 1 5 7 4 1 4 1 5 7 4 1 5 7 4 1
1 2 3 4 1 2 3 4 1 2 1 2 3 4 1 2 3 4 1 2 1 2 3 4 1 2 3 4 1 2
8 5 4 3 8 5 4 3 8 5 8 5 4 3 8 5 4 3 8 5 8 5 4 3 8 5 4 3 8 5
5 6 3 9 5 6 3 9 5 6 5 6 3 9 5 6 3 9 5 6 5 6 3 9 5 6 3 9 5 6
4 1 5 7 4 1 5 7 4 1 4 1 5 7 4 1 5 7 4 1 4 1 5 7 4 1 5 7 4 1
1 2 3 4 1 2 3 4 1 2 1 2 3 4 1 2 3 4 1 2 1 2 3 4 1 2 3 4 1 2
8 5 4 3 8 5 4 3 8 5 8 5 4 3 8 5 4 3 8 5 8 5 4 3 8 5 4 3 8 5
5 6 3 9 5 6 3 9 5 6 5 6 3 9 5 6 3 9 5 6 5 6 3 9 5 6 3 9 5 6
4 1 5 7 4 1 5 7 4 1 4 1 5 7 4 1 5 7 4 1 4 1 5 7 4 1 5 7 4 1
1 2 3 4 1 2 3 4 1 2 1 2 3 4 1 2 3 4 1 2 1 2 3 4 1 2 3 4 1 2