32
4 1 5 7 4 1 5 7 4 1 5 7 4 1 5 7 4 1 5 7 4 1 5 7 4 1 5 7 4 1 5 7 
1 2 3 4 1 2 3 4 1 2 3 4 1 2 3 4 1 2 3 4 1 2 3 4 1 2 3 4 1 2 3 4 
8 5 4 3 8 5 4 3 8 5 4 3 8 5 4 3 8 5 4 3 8 5 4 3 8 5 4 3 8 5 4 3
5 6 3 9 5 6 3 9 5 6 3 9 5 6 3 9 5 6 3 9 5 6 3 9 5 6 3 9 5 6 3 9
4 1 5 7 4 1 5 7 4 1 5 7 4 1 5 7 4 1 5 7 4 1 5 7 4 1 5 7 4 1 5 7
1 2 3 4 1 2 3 4 1 2 3 4 1 2 3 4 1 2 3 4 1 2 3 4 1 2 3 4 1 2 3 4 
8 5 4 3 8 5 4 3 8 5 4 3 8 5 4 3 8 5 4 3 8 5 4 3 8 5 4 3 8 5 4 3
5 6 3 9 5 6 3 9 5 6 3 9 5 6 3 9 5 6 3 9 5 6 3 9 5 6 3 9 5 6 3 9 
4 1 5 7 4 1 5 7 4 1 5 7 4 1 5 7 4 1 5 7 4 1 5 7 4 1 5 7 4 1 5 7
1 2 3 4 1 2 3 4 1 2 3 4 1 2 3 4 1 2 3 4 1 2 3 4 1 2 3 4 1 2 3 4 
8 5 4 3 8 5 4 3 8 5 4 3 8 5 4 3 8 5 4 3 8 5 4 3 8 5 4 3 8 5 4 3
5 6 3 9 5 6 3 9 5 6 3 9 5 6 3 9 5 6 3 9 5 6 3 9 5 6 3 9 5 6 3 9 
4 1 5 7 4 1 5 7 4 1 5 7 4 1 5 7 4 1 5 7 4 1 5 7 4 1 5 7 4 1 5 7
1 2 3 4 1 2 3 4 1 2 3 4 1 2 3 4 1 2 3 4 1 2 3 4 1 2 3 4 1 2 3 4 
8 5 4 3 8 5 4 3 8 5 4 3 8 5 4 3 8 5 4 3 8 5 4 3 8 5 4 3 8 5 4 3
5 6 3 9 5 6 3 9 5 6 3 9 5 6 3 9 5 6 3 9 5 6 3 9 5 6 3 9 5 6 3 9 
4 1 5 7 4 1 5 7 4 1 5 7 4 1 5 7 4 1 5 7 4 1 5 7 4 1 5 7 4 1 5 7
1 2 3 4 1 2 3 4 1 2 3 4 1 2 3 4 1 2 3 4 1 2 3 4 1 2 3 4 1 2 3 4 
8 5 4 3 8 5 4 3 8 5 4 3 8 5 4 3 8 5 4 3 8 5 4 3 8 5 4 3 8 5 4 3
5 6 3 9 5 6 3 9 5 6 3 9 5 6 3 9 5 6 3 9 5 6 3 9 5 6 3 9 5 6 3 9
4 1 5 7 4 1 5 7 4 1 5 7 4 1 5 7 4 1 5 7 4 1 5 7 4 1 5 7 4 1 5 7
1 2 3 4 1 2 3 4 1 2 3 4 1 2 3 4 1 2 3 4 1 2 3 4 1 2 3 4 1 2 3 4 
8 5 4 3 8 5 4 3 8 5 4 3 8 5 4 3 8 5 4 3 8 5 4 3 8 5 4 3 8 5 4 3
5 6 3 9 5 6 3 9 5 6 3 9 5 6 3 9 5 6 3 9 5 6 3 9 5 6 3 9 5 6 3 9 
4 1 5 7 4 1 5 7 4 1 5 7 4 1 5 7 4 1 5 7 4 1 5 7 4 1 5 7 4 1 5 7
1 2 3 4 1 2 3 4 1 2 3 4 1 2 3 4 1 2 3 4 1 2 3 4 1 2 3 4 1 2 3 4 
8 5 4 3 8 5 4 3 8 5 4 3 8 5 4 3 8 5 4 3 8 5 4 3 8 5 4 3 8 5 4 3
5 6 3 9 5 6 3 9 5 6 3 9 5 6 3 9 5 6 3 9 5 6 3 9 5 6 3 9 5 6 3 9 
4 1 5 7 4 1 5 7 4 1 5 7 4 1 5 7 4 1 5 7 4 1 5 7 4 1 5 7 4 1 5 7
1 2 3 4 1 2 3 4 1 2 3 4 1 2 3 4 1 2 3 4 1 2 3 4 1 2 3 4 1 2 3 4 
8 5 4 3 8 5 4 3 8 5 4 3 8 5 4 3 8 5 4 3 8 5 4 3 8 5 4 3 8 5 4 3
5 6 3 9 5 6 3 9 5 6 3 9 5 6 3 9 5 6 3 9 5 6 3 9 5 6 3 9 5 6 3 9